4.267489182007139e-09
1.058678488519422e-07
5.149694499711512e-16
9.840088702332027e-14
9.87568778397694e-19
1.1208706642045032e-12
4.145917865353985e-12
4.313804428980062e-23
4.202541078255796e-16
0.00038481991404015455
2.727786594737561e-09
1.4218481175108608e-10
8.532921994870666e-14
2.2528894489178235e-05
1.982948372716848e-11
1.0764878634720196e-05
2.7654019059149935e-05
6.309448156557719e-06
2.5274579443101176e-12
1.421449214828301e-20
3.2819995486938984e-33
2.7476918576083813e-31
6.958216679056783e-19
3.2099162925805784e-15
5.515773209462602e-16
8.326222899740294e-10
8.038320972634002e-06
1.7653376266799547e-09
2.0376088145326543e-20
7.352888713479303e-12
4.458883717538469e-09
5.077099899888246e-15
2.9084487149189727e-13
6.561898428242177e-11
5.30959228972205e-17
4.342685678148236e-15
1.0883585916963686e-07
7.021749141253345e-08
1.5350997079911911e-13
5.902491866980707e-10
4.713630863921775e-13
8.744760733311371e-12
3.5867232906971456e-11
1.5052074797419106e-16
1.1354133215415843e-13
2.4637591956814967e-15
1.2564160617580698e-10
6.188226148610612e-10
9.449758949630655e-17
5.14325508596936e-19
4.8719261776970465e-21
6.27557866161159e-14
9.65512856741093e-06
0.0003092529736505652
0.0003092529736505652
2.594572438108474e-12
6.566925972522208e-12
3.057584177724582e-06
5.618082947701129e-08
1.0394259865530474e-13
0.0025322812585780634
3.294475851534205e-14
1.5494079633584878e-15
1.086567497912845e-11
3.2104676064121284e-21
1.0600760171691269e-15
2.074486317471346e-06
4.0110458855627215e-05
1.2505977721416297e-05
2.4713831758757442e-18
5.779368787198792e-16
2.7141388941617894e-19
4.13002024083311e-10
7.463211350842725e-11
1.6553126351238575e-24
3.7714859025159354e-12
1.395933109399019e-08
4.9377678089997956e-12
1.7830393267928877e-10
8.85588899936649e-17
1.2711834088994795e-09
1.5097539280577715e-07
8.401631596856109e-07
1.8677744945660814e-10
3.529808964797041e-25
1.0757013596601142e-10
3.4373731332538383e-56
3.075741005382426e-19
0.001276917238028014
8.388761864242552e-17
5.978543491404001e-11
3.942801602873458e-11
5.453895616948343e-06
6.101160829249821e-13
1.13431358863377e-12
1.3988323206447078e-12
4.0491224423204124e-08
4.2602352190427383e-14
1.4671181128182855e-15
1.8280876838934466e-10
