3.471920198979958e-10
2.1200277154078112e-09
4.944079876473888e-20
1.757292765280828e-17
8.081223666870897e-23
5.317243585977932e-18
2.4291219371418528e-15
1.0075071059667405e-27
5.725357382511967e-25
0.00011432631391353986
8.698898549594564e-11
1.3754893808415471e-14
6.98956679488163e-18
6.516717713439128e-08
2.4725949694432387e-12
9.321491145786975e-08
2.720918535729341e-05
1.0485072385111315e-07
1.7939665123767156e-20
3.2879185961296784e-24
6.335302690114586e-42
9.173616357689002e-38
3.585721225083185e-27
1.8090601141422324e-18
2.916989089455602e-22
3.0715936878902074e-13
1.1149304809834763e-08
4.018202885774602e-11
9.821528350180008e-26
5.1722257610629144e-17
3.0238936776003313e-15
1.4497883418443789e-21
2.3135767534443136e-23
1.964926869296114e-15
1.5516239464079136e-21
1.1958862847318578e-24
1.746089217822983e-14
6.060810558402552e-16
7.111722086238462e-21
1.1732615869069103e-13
1.9576860583918944e-17
3.301939581990644e-19
9.250835593576416e-18
1.2454284223716303e-20
6.543631961032057e-20
5.987307504246374e-23
5.753355607128218e-11
1.484924777143417e-10
1.935121699279232e-22
2.984185680976087e-22
2.1751337018519088e-21
2.1800983519197853e-20
1.032217474954727e-09
3.1041322616392154e-09
3.1041322616392154e-09
1.112661477349186e-15
1.1802031774651645e-16
3.5801559680649225e-06
8.846662702414083e-14
8.249608950796673e-18
7.54670872503755e-07
1.9050154024685994e-19
1.0667668439095695e-19
8.173267867767724e-14
2.6864767381579147e-31
2.968301625807684e-21
8.84346595882354e-08
1.24112073559584e-05
8.592374323355813e-06
3.1742801191637717e-27
1.2578638647681709e-20
7.276461059934312e-27
2.0262598053245837e-16
7.775870993169086e-13
9.663141361713018e-30
2.1265589401066216e-13
6.25285971516949e-11
8.963085127165307e-16
2.7189693286768567e-12
3.0460395481336097e-16
8.136328674623958e-13
9.399781232733325e-08
1.909416516301292e-06
3.588837805616043e-10
3.0190878950720895e-32
8.807052547887206e-11
1.6681201048696201e-57
3.7964999212291294e-23
8.663977442717112e-05
2.6445569733786296e-21
5.143066410015232e-12
3.5106890863084505e-15
9.799516332750409e-08
3.630741535684699e-13
3.226906226934604e-18
1.3967703606256187e-17
9.881027409486126e-11
9.232980038008486e-21
1.9069929193302564e-22
6.736495023510801e-13
